4294967278,11
4294967278,10
4294967278,9
4294967278,8
4294967278,25
4294967278,24
4294967278,23
4294967278,22
4294967278,21
4294967278,20
4294967278,19
4294967278,18
4294967278,17
4294967278,16
4294967278,15
4294967278,14
4294967278,13
4294967278,12
4294967278,395
4294967278,394
4294967278,385
4294967278,226
4294967278,275
4294967278,378
4294967278,218
4294967278,59
4294967278,350
4294967278,58
4294967278,46
4294967278,45
4294967278,312
4294967278,44
4294967278,43
4294967278,42
4294967278,41
4294967278,447
4294967278,40
4294967278,39
4294967278,38
4294967278,37
4294967278,300
4294967278,36
4294967278,35
4294967278,345
4294967278,34
4294967278,344
4294967278,33
4294967278,32
4294967278,299
4294967278,31
4294967278,371
4294967278,30
4294967278,331
4294967278,29
4294967278,28
4294967278,27
4294967278,26
4294967279,410
4294967279,433
4294967279,86
4294967279,84
4294967279,83
4294967279,82
4294967279,409
4294967279,81
4294967279,74
4294967279,69
4294967279,388
4294967279,62
4294967279,60
4294967279,59
4294967279,57
4294967279,56
4294967279,55
4294967279,49
4294967279,48
4294967279,443
4294967279,174
4294967279,37
4294967279,30
4294967279,26
4294967279,25
4294967279,18
4294967279,16
4294967279,0
4294967279,260
4294967279,13
480,4
480,3
480,2
480,1
4294967294,1242
4294967279,187
4294967279,72
4294967279,71
4294967279,470
4294967279,66
4294967279,314
4294967279,179
4294967278,175
479,5
479,4
479,3
479,2
479,1
4294967278,398
4294967279,177
4294967278,60
4294967278,172
4294967278,173
4294967278,289
4294967278,220
4294967278,57
4294967278,171
4294967278,170
4294967278,334
4294967278,169
4294967278,349
4294967278,167
4294967278,56
4294967278,168
4294967278,314
4294967278,397
4294967278,55
477,9
4294967278,53
4294967278,165
4294967278,54
4294967278,166
4294967278,313
477,8
4294967278,51
4294967294,495
4294967278,163
4294967278,52
4294967278,164
4294967278,366
4294967278,274
4294967279,165
477,7
4294967278,49
4294967278,161
4294967278,50
4294967278,162
4294967278,302
4294967278,301
477,6
4294967278,47
4294967278,159
4294967278,48
4294967278,160
4294967278,365
4294967278,429
477,5
4294967294,109
4294967294,454
4294967294,164
477,4
477,3
477,2
477,1
4294967294,494
4294967279,43
4294967279,422
4294967279,450
476,7
4294967279,40
4294967279,41
4294967279,153
476,6
4294967279,38
4294967294,493
4294967279,404
476,5
476,4
476,3
476,2
476,1
4294967279,147
4294967279,32
4294967279,308
4294967279,141
4294967279,294
475,5
475,4
475,3
475,2
475,1
4294967279,493
4294967279,236
4294967279,271
4294967279,17
4294967279,507
4294967279,268
4294967279,305
4294967279,266
4294967279,265
4294967294,1083
4294967294,173
4294967294,1069
4294967294,422
4294967279,492
4294967294,443
4294967294,437
4294967278,396
4294967279,401
4294967278,361
472,5
472,4
472,3
472,2
472,1
4294967279,157
4294967294,168
4294967294,403
4294967294,590
4294967294,451
4294967294,1430
4294967279,275
4294967279,138
4294967294,1426
469,5
469,4
469,3
469,2
469,1
4294967278,393
4294967279,502
4294967278,212
4294967294,1427
4294967278,203
4294967279,80
4294967279,198
4294967279,196
466,5
466,4
466,3
466,2
466,1
4294967279,79
4294967279,500
4294967279,397
4294967279,77
4294967279,510
4294967279,190
4294967278,188
4294967279,75
4294967279,189
4294967279,395
4294967279,136
4294967279,186
4294967279,185
4294967279,67
4294967294,1434
4294967279,183
4294967278,181
4294967279,182
4294967279,302
4294967279,65
4294967294,1433
4294967278,392
4294967279,394
4294967294,396
4294967294,187
4294967294,183
4294967294,184
4294967294,391
4294967279,175
4294967279,173
4294967294,1432
463,6
463,5
463,4
463,3
463,2
463,1
4294967279,54
4294967279,45
4294967279,53
4294967279,423
4294967294,1431
4294967279,52
4294967279,301
4294967294,1076
4294967294,161
4294967294,182
4294967294,1157
4294967279,163
4294967279,158
4294967279,160
4294967279,159
4294967279,42
4294967279,156
4294967279,155
4294967294,492
4294967278,391
4294967279,152
460,5
4294967279,150
460,4
460,3
460,2
460,1
4294967279,149
4294967279,35
4294967279,403
4294967279,34
4294967279,298
4294967279,33
4294967279,145
4294967279,309
4294967278,390
4294967279,143
4294967279,421
4294967279,29
4294967279,28
4294967279,140
4294967279,241
459,5
4294967279,139
459,4
459,3
459,2
459,1
4294967279,282
4294967279,468
4294967279,291
4294967279,20
4294967279,273
4294967279,239
4294967279,270
4294967278,389
4294967279,392
4294967279,285
4294967279,11
4294967279,416
4294967294,167
4294967294,112
4294967294,456
4294967294,393
4294967294,389
4294967294,120
4294967278,388
456,5
456,4
456,3
456,2
456,1
4294967278,248
4294967278,444
4294967278,235
4294967294,1247
4294967294,1159
4294967278,233
4294967278,231
4294967278,223
453,5
453,4
453,3
453,2
453,1
4294967278,209
4294967278,210
4294967278,208
4294967278,207
4294967294,439
4294967294,425
4294967294,115
450,5
450,4
450,3
450,2
450,1
4294967279,134
4294967278,190
4294967278,187
4294967278,185
4294967279,188
4294967278,186
4294967294,107
4294967294,1068
4294967294,5
4294967278,384
4294967294,38
4294967294,36
4294967294,39
4294967294,1429
4294967294,53
4294967294,1246
4294967294,92
4294967294,91
4294967294,88
4294967294,86
4294967294,85
4294967294,1163
447,5
447,4
447,3
447,2
447,1
4294967294,42
4294967294,99
4294967294,76
4294967294,41
4294967294,438
4294967294,51
4294967294,52
4294967294,1166
4294967294,1248
4294967294,83
4294967278,132
4294967278,124
4294967278,85
4294967278,83
4294967278,291
4294967278,82
4294967278,316
4294967278,80
4294967278,280
4294967278,79
4294967278,278
4294967278,77
4294967278,374
4294967278,76
4294967278,230
4294967278,75
4294967278,315
4294967278,71
4294967278,303
4294967278,69
4294967278,310
4294967278,68
4294967278,304
4294967278,67
4294967278,66
4294967278,64
4294967278,63
4294967278,61
4294967278,0
4294967279,85
4294967279,471
4294967279,78
4294967279,284
4294967279,70
4294967279,407
4294967279,68
4294967279,243
4294967279,64
4294967279,63
4294967279,47
4294967279,405
4294967279,300
4294967279,299
4294967279,39
4294967279,31
4294967279,249
4294967279,27
4294967279,24
4294967279,23
4294967279,218
4294967279,22
4294967279,21
4294967279,19
4294967279,12
4294967279,6
4294967279,5
4294967279,169
4294967279,133
445,6
4294967294,417
4294967294,469
4294967294,453
4294967294,463
4294967279,51
4294967294,185
4294967279,46
4294967279,251
445,5
445,4
445,3
445,2
445,1
4294967279,151
4294967279,36
4294967279,148
4294967279,310
4294967294,491
443,5
443,4
443,3
443,2
443,1
441,4
441,3
441,2
441,1
4294967294,490
440,4
440,3
440,2
440,1
439,4
439,3
439,2
439,1
4294967279,15
4294967294,413
4294967294,415
4294967294,116
4294967279,506
4294967279,490
438,5
438,4
438,3
438,2
438,1
4294967278,131
4294967278,387
436,6
4294967278,127
4294967278,407
4294967278,126
4294967278,295
4294967278,251
4294967278,123
4294967278,243
4294967278,247
436,5
436,4
4294967278,245
436,3
436,2
